4 classes
up
down
left
right
0.5234626685936399 -0.836832899685793 115.70995394568293 0.802238302511423 80.85567664068796 0.9934860071243609 -0.042871220159607155 183.2765906795446 -2.0533135018250306 11.518246951843723 5.532200803094604 13.736 4268.108902552992
[[18.84465607]] 0.0 0.0 0.0 0.0 0.0 0.0 0.0 0.0 0.0 0.0 0.0 0.0
0.7243411385342994 0.6715317874666444 103.22512303850952 0.7588720728858845 74.53954963249546 0.9967202645285298 0.050193489998892955 160.58387467278322 1.4978063609797234 10.170431488549303 5.6277369291305614 14.030000000000001 3972.3075254216888
[[26.07628099]] 0.0 0.0 0.0 0.0 0.0 0.0 0.0 0.0 0.0 0.0 0.0 0.0
-0.5765090046641147 0.7884715299282324 104.28638181408363 0.9352919859284488 83.78583332630686 0.021913606817243563 0.9989283125624335 153.33367695567625 1.3426114348321943 11.5031521566893 6.772777405364473 14.454 3106.864147770666
[[-20.75432417]] 0.0 0.0 0.0 0.0 0.0 0.0 0.0 0.0 0.0 0.0 0.0 0.0
0.9188572593867503 0.3295584418131965 111.8148615135029 0.9082015500518096 88.86488600471587 0.11915598301577829 0.9909281374427503 159.8944999349591 -2.234379917363792 10.584594955402034 5.038020345686783 17.095 3219.1366242354597
[[33.07886134]] 0.0 0.0 0.0 0.0 0.0 0.0 0.0 0.0 0.0 0.0 0.0 0.0
[[-4.93223698]] [[-9.44406153]] [[-5.98252738]] [[-15.19737594]]
[[36.]] 0.0 0.0 0.0 0.0 0.0 0.0 0.0 0.0 0.0 0.0 0.0 0.0 ;0.0 0.0 0.0 0.0 0.0 0.0 0.0 0.0 0.0 0.0 0.0 0.0 0.0 ;0.0 0.0 0.0 0.0 0.0 0.0 0.0 0.0 0.0 0.0 0.0 0.0 0.0 ;0.0 0.0 0.0 0.0 0.0 0.0 0.0 0.0 0.0 0.0 0.0 0.0 0.0 ;0.0 0.0 0.0 0.0 0.0 0.0 0.0 0.0 0.0 0.0 0.0 0.0 0.0 ;0.0 0.0 0.0 0.0 0.0 0.0 0.0 0.0 0.0 0.0 0.0 0.0 0.0 ;0.0 0.0 0.0 0.0 0.0 0.0 0.0 0.0 0.0 0.0 0.0 0.0 0.0 ;0.0 0.0 0.0 0.0 0.0 0.0 0.0 0.0 0.0 0.0 0.0 0.0 0.0 ;0.0 0.0 0.0 0.0 0.0 0.0 0.0 0.0 0.0 0.0 0.0 0.0 0.0 ;0.0 0.0 0.0 0.0 0.0 0.0 0.0 0.0 0.0 0.0 0.0 0.0 0.0 ;0.0 0.0 0.0 0.0 0.0 0.0 0.0 0.0 0.0 0.0 0.0 0.0 0.0 ;0.0 0.0 0.0 0.0 0.0 0.0 0.0 0.0 0.0 0.0 0.0 0.0 0.0 ;0.0 0.0 0.0 0.0 0.0 0.0 0.0 0.0 0.0 0.0 0.0 0.0 0.0 ;
